dRshAdagdh