bRhatsAmat